DFAN   Aero Lab  420      20       0       0      
DFAS1  1M129     124  24  24  24   0   0   0   0
DFAS2  1M115     110  10  10  10   5   5   5   5
DFB1   2P394     1    24      24       0       0
DFB2   2P529     110  10  10       0   0   0
DFBL   5H33-37   220          20  12          12  
DFC1   2M112     114  14  14       6   6   6
DFC2   2M116     1  26  26  26       6   6   6
DFC3   2M124     1      28  28           6   6
DFCE   BOR       2    12      12       6       6
DFCS   NCL       11919191919191919 5 5 5 5 5 5 5 5
DFEE   5J20      212  12  12  12   6   6   6   6
DFEG1  4H47      1  4444      4444  1414      1414
DFEG2  4K37      1  28  28  28  28   0   0   0   0  
DFEM   2L17      1
DFENG  5J43      11515151515151515 6 6 6 6 6 6 6 6
DFH    Planetariu130  30  30  30  12  12  12  12
DFL    5H47      140    40      4014    14      14
DFM    2G15      125  25  25  25  15  15  15  15
DFMS   5D6       124  24  24  24   8   8   8   8
DFP1   1B38      12020202020202020 0 0 0 0 0 0 0 0
DFP2   Observator1      15  15  15
DFP3   2C44      1  20202020242020  
DFP4   2C46      1    202020242020     0 0 0 0 0 0
DFPY   5H41      1  20      20      10      10
DFPS   L3 or 5J2 1  28  28  28  28   0   0   0   0
50TS   5D60      1  22      22
98FTS  Airfield  14540  455040  452020  202020  20
MTS    BOR       130303030303030301515151515151515
